0, CapturedImage0.jpg, -0.3922691, 0.07956403, 0.03937351, -0.02656255, 0.9754461, -0.06022277, -0.2101727, -0.7129712, 0.06455705, -0.01641928, 0.01584491, 0.9948879, -0.0587934, -0.08056243, -0.9361761, 0.0765786, -0.9419816, -0.8334512, 0.07562134, -1.004003, -0.8337509, -0.04437064, -1.002648, -0.9364759, -0.04341337, -0.940626
 1, CapturedImage1.jpg, -0.8124459, 0.07628069, 0.03496619, -0.001916746, 0.9976025, -0.06791604, -0.0131555, -0.7845047, 0.07585223, 0.03214905, 0.002650589, 0.9972045, -0.07058486, -0.02437279, -0.9361761, 0.0765786, -0.9419816, -0.8334512, 0.07562134, -1.004003, -0.8337509, -0.04437064, -1.002648, -0.9364759, -0.04341337, -0.940626
 2, CapturedImage2.jpg, 0.02367477, 0.07312299, -0.512117, 0.04673931, -0.8511494, 0.04505509, 0.5208938, 3, CapturedImage3.jpg, 0.01975714, 0.07160666, -0.5150501, 0.04873686, -0.8518047, 0.05144923, 0.5190438, 0.02064388, 0.07157326, -0.5144003, 0.0493901, -0.8510889, 0.05166629, 0.5201337, -0.9361761, 0.0765786, -0.9419816, -0.8334512, 0.07562134, -1.004003, -0.8337509, -0.04437064, -1.002648, -0.9364759, -0.04341337, -0.940626
 0.01936964, 0.07094605, -0.5154481, 0.05060519, -0.8510604, 0.05598485, 0.5196162, -0.9361761, 0.0765786, -0.9419816, -0.8334512, 0.07562134, -1.004003, -0.8337509, -0.04437064, -1.002648, -0.9364759, -0.04341337, -0.940626
 4, CapturedImage4.jpg, 0.02204885, 0.07061221, -0.5174405, 0.04915934, -0.8507085, 0.05606388, 0.5203223, 0.01356362, 0.06864366, -0.5232354, 0.05629029, -0.8495755, 0.05775332, 0.5212651, -0.9361761, 0.0765786, -0.9419816, -0.8334512, 0.07562134, -1.004003, -0.8337509, -0.04437064, -1.002648, -0.9364759, -0.04341337, -0.940626
 5, CapturedImage5.jpg, -0.02154962, 0.06222467, 0.09985619, -0.04492583, 0.9451921, -0.07993446, -0.3133755, -0.01936052, 0.06055447, 0.1115365, -0.04154585, 0.9414786, -0.08464935, -0.323615, -0.9361761, 0.0765786, -0.9419816, -0.8334512, 0.07562134, -1.004003, -0.8337509, -0.04437064, -1.002648, -0.9364759, -0.04341337, -0.940626
 6, CapturedImage6.jpg, -0.02928066, 0.06002881, 0.1147148, -0.04589587, 0.9399391, -0.08658313, -0.3269733, -0.3024354, 0.06752624, 0.1469042, -0.01999808, 0.9722885, -0.06624541, -0.2233087, -0.9361761, 0.0765786, -0.9419816, -0.8334512, 0.07562134, -1.004003, -0.8337509, -0.04437064, -1.002648, -0.9364759, -0.04341337, -0.940626
 7, CapturedImage7.jpg, -0.5478735, 0.07680456, 0.1911573, -0.02362529, 0.9891162, -0.08564884, -0.117283, -0.5271295, 0.07612751, 0.1669348, -0.02950035, 0.9872662, -0.09013291, -0.1277154, -0.9361761, 0.0765786, -0.9419816, -0.8334512, 0.07562134, -1.004003, -0.8337509, -0.04437064, -1.002648, -0.9364759, -0.04341337, -0.940626
 8, CapturedImage8.jpg, -0.5267069, 0.07615499, 0.1660777, -0.02936826, 0.987303, -0.08978275, -0.1277083, -0.5093285, 0.07635939, 0.1446917, -0.03109792, 0.9852082, -0.09438514, -0.1396039, -0.9361761, 0.0765786, -0.9419816, -0.8334512, 0.07562134, -1.004003, -0.8337509, -0.04437064, -1.002648, -0.9364759, -0.04341337, -0.940626
 9, CapturedImage9.jpg, -0.9392505, 0.06562135, 0.1603411, 0.01538642, 0.9947643, -0.08447904, 0.05541196, -0.9303477, 0.06392895, 0.1584528, 0.011083, 0.9950846, -0.08609545, 0.04765877, -0.9361761, 0.0765786, -0.9419816, -0.8334512, 0.07562134, -1.004003, -0.8337509, -0.04437064, -1.002648, -0.9364759, -0.04341337, -0.940626
 10, CapturedImage10.jpg, -0.6573811, 0.07774386, -0.2821666, 0.001047165, 0.9886166, -0.07102993, -0.1326306, -0.5879465, 0.06763557, -0.3131554, -0.01639594, 0.9818094, -0.06105699, -0.1790352, -0.9361761, 0.0765786, -0.9419816, -0.8334512, 0.07562134, -1.004003, -0.8337509, -0.04437064, -1.002648, -0.9364759, -0.04341337, -0.940626
 11, CapturedImage11.jpg, -0.3512996, 0.07688925, -0.5678859, -0.04825804, 0.8961502, -0.05811509, -0.437274, -0.2861557, 0.0708349, -0.5741322, -0.04715443, 0.8843192, -0.06170571, -0.4603786, -0.9361761, 0.0765786, -0.9419816, -0.8334512, 0.07562134, -1.004003, -0.8337509, -0.04437064, -1.002648, -0.9364759, -0.04341337, -0.940626
 12, CapturedImage12.jpg, -0.0156626, 0.0768384, -0.600837, 0.06059254, -0.8288037, 0.06136186, 0.5528542, -0.01159238, 0.0764917, -0.5969471, 0.06147508, -0.8281227, 0.06106962, 0.5538088, -0.9361761, 0.0765786, -0.9419816, -0.8334512, 0.07562134, -1.004003, -0.8337509, -0.04437064, -1.002648, -0.9364759, -0.04341337, -0.940626
